,                    SP500
observation_date         ,
6/11/07,1509.12
6/12/07,1493
6/13/07,1515.67
6/14/07,1522.97
6/15/07,1532.91
6/18/07,1531.05
6/19/07,1533.7
6/20/07,1512.84
6/21/07,1522.19
6/22/07,1502.56
6/25/07,1497.74
6/26/07,1492.89
6/27/07,1506.34
6/28/07,1505.71
6/29/07,1503.35
7/2/07,1519.43
7/3/07,1524.87
7/5/07,1525.4
7/6/07,1530.44
7/9/07,1531.85
7/10/07,1510.12
7/11/07,1518.76
7/12/07,1547.7
7/13/07,1552.5
7/16/07,1549.52
7/17/07,1549.37
7/18/07,1546.17
7/19/07,1553.08
7/20/07,1534.1
7/23/07,1541.57
7/24/07,1511.04
7/25/07,1518.09
7/26/07,1482.66
7/27/07,1458.95
7/30/07,1473.91
7/31/07,1455.27
8/1/07,1465.81
8/2/07,1472.2
8/3/07,1433.06
8/6/07,1467.67
8/7/07,1476.71
8/8/07,1497.49
8/9/07,1453.09
8/10/07,1453.64
8/13/07,1452.92
8/14/07,1426.54
8/15/07,1406.7
8/16/07,1411.27
8/17/07,1445.94
8/20/07,1445.55
8/21/07,1447.12
8/22/07,1464.07
8/23/07,1462.5
8/24/07,1479.37
8/27/07,1466.79
8/28/07,1432.36
8/29/07,1463.76
8/30/07,1457.64
8/31/07,1473.99
9/4/07,1489.42
9/5/07,1472.29
9/6/07,1478.55
9/7/07,1453.55
9/10/07,1451.7
9/11/07,1471.49
9/12/07,1471.56
9/13/07,1483.95
9/14/07,1484.25
9/17/07,1476.65
9/18/07,1519.78
9/19/07,1529.03
9/20/07,1518.75
9/21/07,1525.75
9/24/07,1517.73
9/25/07,1517.21
9/26/07,1525.42
9/27/07,1531.38
9/28/07,1526.75
10/1/07,1547.04
10/2/07,1546.63
10/3/07,1539.59
10/4/07,1542.84
10/5/07,1557.59
10/8/07,1552.58
10/9/07,1565.15
10/10/07,1562.47
10/11/07,1554.41
10/12/07,1561.8
10/15/07,1548.71
10/16/07,1538.53
10/17/07,1541.24
10/18/07,1540.08
10/19/07,1500.63
10/22/07,1506.33
10/23/07,1519.59
10/24/07,1515.88
10/25/07,1514.4
10/26/07,1535.28
10/29/07,1540.98
10/30/07,1531.02
10/31/07,1549.38
11/1/07,1508.44
11/2/07,1509.65
11/5/07,1502.17
11/6/07,1520.27
11/7/07,1475.62
11/8/07,1474.77
11/9/07,1453.7
11/12/07,1439.18
11/13/07,1481.05
11/14/07,1470.58
11/15/07,1451.15
11/16/07,1458.74
11/19/07,1433.27
11/20/07,1439.7
11/21/07,1416.77
11/23/07,1440.7
11/26/07,1407.22
11/27/07,1428.23
11/28/07,1469.02
11/29/07,1469.72
11/30/07,1481.14
12/3/07,1472.42
12/4/07,1462.79
12/5/07,1485.01
12/6/07,1507.34
12/7/07,1504.66
12/10/07,1515.96
12/11/07,1477.65
12/12/07,1486.59
12/13/07,1488.41
12/14/07,1467.95
12/17/07,1445.9
12/18/07,1454.98
12/19/07,1453
12/20/07,1460.12
12/21/07,1484.46
12/24/07,1496.45
12/26/07,1497.66
12/27/07,1476.37
12/28/07,1478.49
12/31/07,1468.36
1/2/08,1447.16
1/3/08,1447.16
1/4/08,1411.63
1/7/08,1416.18
1/8/08,1390.19
1/9/08,1409.13
1/10/08,1420.33
1/11/08,1401.02
1/14/08,1416.25
1/15/08,1380.95
1/16/08,1373.2
1/17/08,1333.25
1/18/08,1325.19
1/22/08,1310.5
1/23/08,1338.6
1/24/08,1352.07
1/25/08,1330.61
1/28/08,1353.97
1/29/08,1362.3
1/30/08,1355.81
1/31/08,1378.55
2/1/08,1395.42
2/4/08,1380.82
2/5/08,1336.64
2/6/08,1326.45
2/7/08,1336.91
2/8/08,1331.29
2/11/08,1339.13
2/12/08,1348.86
2/13/08,1367.21
2/14/08,1348.86
2/15/08,1349.99
2/19/08,1348.78
2/20/08,1360.03
2/21/08,1342.53
2/22/08,1353.11
2/25/08,1371.8
2/26/08,1381.29
2/27/08,1380.02
2/28/08,1367.68
2/29/08,1330.63
3/3/08,1331.34
3/4/08,1326.75
3/5/08,1333.7
3/6/08,1304.34
3/7/08,1293.37
3/10/08,1273.37
3/11/08,1320.65
3/12/08,1308.77
3/13/08,1315.48
3/14/08,1288.14
3/17/08,1276.6
3/18/08,1330.74
3/19/08,1298.42
3/20/08,1329.51
3/24/08,1349.88
3/25/08,1352.99
3/26/08,1341.13
3/27/08,1325.76
3/28/08,1315.22
3/31/08,1322.7
4/1/08,1370.18
4/2/08,1367.53
4/3/08,1369.31
4/4/08,1370.4
4/7/08,1372.54
4/8/08,1365.54
4/9/08,1354.49
4/10/08,1360.55
4/11/08,1332.83
4/14/08,1328.32
4/15/08,1334.43
4/16/08,1364.71
4/17/08,1365.56
4/18/08,1390.33
4/21/08,1388.17
4/22/08,1375.94
4/23/08,1379.93
4/24/08,1388.82
4/25/08,1397.84
4/28/08,1396.37
4/29/08,1390.94
4/30/08,1385.59
5/1/08,1409.34
5/2/08,1413.9
5/5/08,1407.49
5/6/08,1418.26
5/7/08,1392.57
5/8/08,1397.68
5/9/08,1388.28
5/12/08,1403.58
5/13/08,1403.04
5/14/08,1408.66
5/15/08,1423.57
5/16/08,1425.35
5/19/08,1426.63
5/20/08,1413.4
5/21/08,1390.71
5/22/08,1394.35
5/23/08,1375.93
5/27/08,1385.35
5/28/08,1390.84
5/29/08,1398.26
5/30/08,1400.38
6/2/08,1385.67
6/3/08,1377.65
6/4/08,1377.2
6/5/08,1404.05
6/6/08,1360.68
6/9/08,1361.76
6/10/08,1358.44
6/11/08,1335.49
6/12/08,1339.87
6/13/08,1360.03
6/16/08,1360.14
6/17/08,1350.93
6/18/08,1337.81
6/19/08,1342.83
6/20/08,1317.93
6/23/08,1318
6/24/08,1314.29
6/25/08,1321.97
6/26/08,1283.15
6/27/08,1278.38
6/30/08,1280
7/1/08,1284.91
7/2/08,1261.52
7/3/08,1262.9
7/7/08,1252.31
7/8/08,1273.7
7/9/08,1244.69
7/10/08,1253.39
7/11/08,1239.49
7/14/08,1228.3
7/15/08,1214.91
7/16/08,1245.36
7/17/08,1260.32
7/18/08,1260.68
7/21/08,1260
7/22/08,1277
7/23/08,1282.19
7/24/08,1252.54
7/25/08,1257.76
7/28/08,1234.37
7/29/08,1263.2
7/30/08,1284.26
7/31/08,1267.38
8/1/08,1260.31
8/4/08,1249.01
8/5/08,1284.88
8/6/08,1289.19
8/7/08,1266.07
8/8/08,1296.32
8/11/08,1305.32
8/12/08,1289.59
8/13/08,1285.83
8/14/08,1292.93
8/15/08,1298.2
8/18/08,1278.6
8/19/08,1266.69
8/20/08,1274.54
8/21/08,1277.72
8/22/08,1292.2
8/25/08,1266.84
8/26/08,1271.51
8/27/08,1281.66
8/28/08,1300.68
8/29/08,1282.83
9/2/08,1277.58
9/3/08,1274.98
9/4/08,1236.83
9/5/08,1242.31
9/8/08,1267.79
9/9/08,1224.51
9/10/08,1232.04
9/11/08,1249.05
9/12/08,1251.7
9/15/08,1192.7
9/16/08,1213.59
9/17/08,1156.39
9/18/08,1206.51
9/19/08,1255.08
9/22/08,1207.09
9/23/08,1188.22
9/24/08,1185.87
9/25/08,1209.18
9/26/08,1213.01
9/29/08,1106.39
9/30/08,1166.36
10/1/08,1161.06
10/2/08,1114.28
10/3/08,1099.23
10/6/08,1056.89
10/7/08,996.23
10/8/08,984.94
10/9/08,909.92
10/10/08,899.22
10/13/08,1003.35
10/14/08,998.01
10/15/08,907.84
10/16/08,946.43
10/17/08,940.55
10/20/08,985.4
10/21/08,955.05
10/22/08,896.78
10/23/08,908.11
10/24/08,876.77
10/27/08,848.92
10/28/08,940.51
10/29/08,930.09
10/30/08,954.09
10/31/08,968.75
11/3/08,966.3
11/4/08,1005.75
11/5/08,952.77
11/6/08,904.88
11/7/08,930.99
11/10/08,919.21
11/11/08,898.95
11/12/08,852.3
11/13/08,911.29
11/14/08,873.29
11/17/08,850.75
11/18/08,859.12
11/19/08,806.58
11/20/08,752.44
11/21/08,800.03
11/24/08,851.81
11/25/08,857.39
11/26/08,887.68
11/28/08,896.24
12/1/08,816.21
12/2/08,848.81
12/3/08,870.74
12/4/08,845.22
12/5/08,876.07
12/8/08,909.7
12/9/08,888.67
12/10/08,899.24
12/11/08,873.59
12/12/08,879.73
12/15/08,868.57
12/16/08,913.18
12/17/08,904.42
12/18/08,885.28
12/19/08,887.88
12/22/08,871.63
12/23/08,863.16
12/24/08,868.15
12/26/08,872.8
12/29/08,869.42
12/30/08,890.64
12/31/08,903.25
1/2/09,931.8
1/5/09,927.45
1/6/09,934.7
1/7/09,906.65
1/8/09,909.73
1/9/09,890.35
1/12/09,870.26
1/13/09,871.79
1/14/09,842.62
1/15/09,843.74
1/16/09,850.12
1/20/09,805.22
1/21/09,840.24
1/22/09,827.5
1/23/09,831.95
1/26/09,836.57
1/27/09,845.71
1/28/09,874.09
1/29/09,845.14
1/30/09,825.88
2/2/09,825.44
2/3/09,838.51
2/4/09,832.23
2/5/09,845.85
2/6/09,868.6
2/9/09,869.89
2/10/09,827.16
2/11/09,833.74
2/12/09,835.19
2/13/09,826.84
2/17/09,789.17
2/18/09,788.42
2/19/09,778.94
2/20/09,770.05
2/23/09,743.33
2/24/09,773.14
2/25/09,764.9
2/26/09,752.83
2/27/09,735.09
3/2/09,700.82
3/3/09,696.33
3/4/09,712.87
3/5/09,682.55
3/6/09,683.38
3/9/09,676.53
3/10/09,719.6
3/11/09,721.36
3/12/09,750.74
3/13/09,756.55
3/16/09,753.89
3/17/09,778.12
3/18/09,794.35
3/19/09,784.04
3/20/09,768.54
3/23/09,822.92
3/24/09,806.12
3/25/09,813.88
3/26/09,832.86
3/27/09,815.94
3/30/09,787.53
3/31/09,797.87
4/1/09,811.08
4/2/09,834.38
4/3/09,842.5
4/6/09,835.48
4/7/09,815.55
4/8/09,825.16
4/9/09,856.56
4/13/09,858.73
4/14/09,841.5
4/15/09,852.06
4/16/09,865.3
4/17/09,869.6
4/20/09,832.39
4/21/09,850.08
4/22/09,843.55
4/23/09,851.92
4/24/09,866.23
4/27/09,857.51
4/28/09,855.16
4/29/09,873.64
4/30/09,872.81
5/1/09,877.52
5/4/09,907.24
5/5/09,903.8
5/6/09,919.53
5/7/09,907.39
5/8/09,929.23
5/11/09,909.24
5/12/09,908.35
5/13/09,883.92
5/14/09,893.07
5/15/09,882.88
5/18/09,909.71
5/19/09,908.13
5/20/09,903.47
5/21/09,888.33
5/22/09,887
5/26/09,910.33
5/27/09,893.06
5/28/09,906.83
5/29/09,919.14
6/1/09,942.87
6/2/09,944.74
6/3/09,931.76
6/4/09,942.46
6/5/09,940.09
6/8/09,939.14
6/9/09,942.43
6/10/09,939.15
6/11/09,944.89
6/12/09,946.21
6/15/09,923.72
6/16/09,911.97
6/17/09,910.71
6/18/09,918.37
6/19/09,921.23
6/22/09,893.04
6/23/09,895.1
6/24/09,900.94
6/25/09,920.26
6/26/09,918.9
6/29/09,927.23
6/30/09,919.32
7/1/09,923.33
7/2/09,896.42
7/6/09,898.72
7/7/09,881.03
7/8/09,879.56
7/9/09,882.68
7/10/09,879.13
7/13/09,901.05
7/14/09,905.84
7/15/09,932.68
7/16/09,940.74
7/17/09,940.38
7/20/09,951.13
7/21/09,954.58
7/22/09,954.07
7/23/09,976.29
7/24/09,979.26
7/27/09,982.18
7/28/09,979.62
7/29/09,975.15
7/30/09,986.75
7/31/09,987.48
8/3/09,1002.63
8/4/09,1005.65
8/5/09,1002.72
8/6/09,997.08
8/7/09,1010.48
8/10/09,1007.1
8/11/09,994.35
8/12/09,1005.81
8/13/09,1012.73
8/14/09,1004.09
8/17/09,979.73
8/18/09,989.67
8/19/09,996.46
8/20/09,1007.37
8/21/09,1026.13
8/24/09,1025.57
8/25/09,1028
8/26/09,1028.12
8/27/09,1030.98
8/28/09,1028.93
8/31/09,1020.62
9/1/09,998.04
9/2/09,994.75
9/3/09,1003.24
9/4/09,1016.4
9/8/09,1025.39
9/9/09,1033.37
9/10/09,1044.14
9/11/09,1042.73
9/14/09,1049.34
9/15/09,1052.63
9/16/09,1068.76
9/17/09,1065.49
9/18/09,1068.3
9/21/09,1064.66
9/22/09,1071.66
9/23/09,1060.87
9/24/09,1050.78
9/25/09,1044.38
9/28/09,1062.98
9/29/09,1060.61
9/30/09,1057.08
10/1/09,1029.85
10/2/09,1025.21
10/5/09,1040.46
10/6/09,1054.72
10/7/09,1057.58
10/8/09,1065.48
10/9/09,1071.49
10/12/09,1076.19
10/13/09,1073.19
10/14/09,1092.02
10/15/09,1096.56
10/16/09,1087.68
10/19/09,1097.91
10/20/09,1091.06
10/21/09,1081.4
10/22/09,1092.91
10/23/09,1079.6
10/26/09,1066.95
10/27/09,1063.41
10/28/09,1042.63
10/29/09,1066.11
10/30/09,1036.19
11/2/09,1042.88
11/3/09,1045.41
11/4/09,1046.5
11/5/09,1066.63
11/6/09,1069.3
11/9/09,1093.08
11/10/09,1093.01
11/11/09,1098.51
11/12/09,1087.24
11/13/09,1093.48
11/16/09,1109.3
11/17/09,1110.32
11/18/09,1109.8
11/19/09,1094.9
11/20/09,1091.38
11/23/09,1106.24
11/24/09,1105.65
11/25/09,1110.63
11/27/09,1091.49
11/30/09,1095.63
12/1/09,1108.86
12/2/09,1109.24
12/3/09,1099.92
12/4/09,1105.98
12/7/09,1103.25
12/8/09,1091.94
12/9/09,1095.95
12/10/09,1102.35
12/11/09,1106.41
12/14/09,1114.11
12/15/09,1107.93
12/16/09,1109.18
12/17/09,1096.08
12/18/09,1102.47
12/21/09,1114.05
12/22/09,1118.02
12/23/09,1120.59
12/24/09,1126.48
12/28/09,1127.78
12/29/09,1126.2
12/30/09,1126.42
12/31/09,1115.1
1/4/10,1132.99
1/5/10,1136.52
1/6/10,1137.14
1/7/10,1141.69
1/8/10,1144.98
1/11/10,1146.98
1/12/10,1136.22
1/13/10,1145.68
1/14/10,1148.46
1/15/10,1136.03
1/19/10,1150.23
1/20/10,1138.04
1/21/10,1116.48
1/22/10,1091.76
1/25/10,1096.78
1/26/10,1092.17
1/27/10,1097.5
1/28/10,1084.53
1/29/10,1073.87
2/1/10,1089.19
2/2/10,1103.32
2/3/10,1097.28
2/4/10,1063.11
2/5/10,1066.19
2/8/10,1056.74
2/9/10,1070.52
2/10/10,1068.13
2/11/10,1078.47
2/12/10,1075.51
2/16/10,1094.87
2/17/10,1099.51
2/18/10,1106.75
2/19/10,1109.17
2/22/10,1108.01
2/23/10,1094.6
2/24/10,1105.24
2/25/10,1102.94
2/26/10,1104.49
3/1/10,1115.71
3/2/10,1118.31
3/3/10,1118.79
3/4/10,1122.97
3/5/10,1138.7
3/8/10,1138.5
3/9/10,1140.45
3/10/10,1145.61
3/11/10,1150.24
3/12/10,1149.99
3/15/10,1150.51
3/16/10,1159.46
3/17/10,1166.21
3/18/10,1165.83
3/19/10,1159.9
3/22/10,1165.81
3/23/10,1174.17
3/24/10,1167.72
3/25/10,1165.73
3/26/10,1166.59
3/29/10,1173.22
3/30/10,1173.27
3/31/10,1169.43
4/1/10,1178.1
4/5/10,1187.44
4/6/10,1189.44
4/7/10,1182.45
4/8/10,1186.44
4/9/10,1194.37
4/12/10,1196.48
4/13/10,1197.3
4/14/10,1210.65
4/15/10,1211.67
4/16/10,1192.13
4/19/10,1197.52
4/20/10,1207.17
4/21/10,1205.94
4/22/10,1208.67
4/23/10,1217.28
4/26/10,1212.05
4/27/10,1183.71
4/28/10,1191.36
4/29/10,1206.78
4/30/10,1186.69
5/3/10,1202.26
5/4/10,1173.6
5/5/10,1165.9
5/6/10,1128.15
5/7/10,1110.88
5/10/10,1159.73
5/11/10,1155.79
5/12/10,1171.67
5/13/10,1157.44
5/14/10,1135.68
5/17/10,1136.94
5/18/10,1120.8
5/19/10,1115.05
5/20/10,1071.59
5/21/10,1087.69
5/24/10,1073.65
5/25/10,1074.03
5/26/10,1067.95
5/27/10,1103.06
5/28/10,1089.41
6/1/10,1070.71
6/2/10,1098.38
6/3/10,1102.83
6/4/10,1064.88
6/7/10,1050.47
6/8/10,1062
6/9/10,1055.69
6/10/10,1086.84
6/11/10,1091.6
6/14/10,1089.63
6/15/10,1115.23
6/16/10,1114.61
6/17/10,1116.04
6/18/10,1117.51
6/21/10,1113.2
6/22/10,1095.31
6/23/10,1092.04
6/24/10,1073.69
6/25/10,1076.76
6/28/10,1074.57
6/29/10,1041.24
6/30/10,1030.71
7/1/10,1027.37
7/2/10,1022.58
7/6/10,1028.06
7/7/10,1060.27
7/8/10,1070.25
7/9/10,1077.96
7/12/10,1078.75
7/13/10,1095.34
7/14/10,1095.17
7/15/10,1096.48
7/16/10,1064.88
7/19/10,1071.25
7/20/10,1083.48
7/21/10,1069.59
7/22/10,1093.67
7/23/10,1102.66
7/26/10,1115.01
7/27/10,1113.84
7/28/10,1106.13
7/29/10,1101.53
7/30/10,1101.6
8/2/10,1125.86
8/3/10,1120.46
8/4/10,1127.24
8/5/10,1125.81
8/6/10,1121.64
8/9/10,1127.79
8/10/10,1121.06
8/11/10,1089.47
8/12/10,1083.61
8/13/10,1079.25
8/16/10,1079.38
8/17/10,1092.54
8/18/10,1094.16
8/19/10,1075.63
8/20/10,1071.69
8/23/10,1067.36
8/24/10,1051.87
8/25/10,1055.33
8/26/10,1047.22
8/27/10,1064.59
8/30/10,1048.92
8/31/10,1049.33
9/1/10,1080.29
9/2/10,1090.1
9/3/10,1104.51
9/7/10,1091.84
9/8/10,1098.87
9/9/10,1104.18
9/10/10,1109.55
9/13/10,1121.9
9/14/10,1121.1
9/15/10,1125.07
9/16/10,1124.66
9/17/10,1125.59
9/20/10,1142.71
9/21/10,1139.78
9/22/10,1134.28
9/23/10,1124.83
9/24/10,1148.67
9/27/10,1142.16
9/28/10,1147.7
9/29/10,1144.73
9/30/10,1141.2
10/1/10,1146.24
10/4/10,1137.03
10/5/10,1160.75
10/6/10,1159.97
10/7/10,1158.06
10/8/10,1165.15
10/11/10,1165.32
10/12/10,1169.77
10/13/10,1178.1
10/14/10,1173.81
10/15/10,1176.19
10/18/10,1184.71
10/19/10,1165.9
10/20/10,1178.17
10/21/10,1180.26
10/22/10,1183.08
10/25/10,1185.62
10/26/10,1185.64
10/27/10,1182.45
10/28/10,1183.78
10/29/10,1183.26
11/1/10,1184.38
11/2/10,1193.57
11/3/10,1197.96
11/4/10,1221.06
11/5/10,1225.85
11/8/10,1223.25
11/9/10,1213.4
11/10/10,1218.71
11/11/10,1213.54
11/12/10,1199.21
11/15/10,1197.75
11/16/10,1178.34
11/17/10,1178.59
11/18/10,1196.69
11/19/10,1199.73
11/22/10,1197.84
11/23/10,1180.73
11/24/10,1198.35
11/26/10,1189.4
11/29/10,1187.76
11/30/10,1180.55
12/1/10,1206.07
12/2/10,1221.53
12/3/10,1224.71
12/6/10,1223.12
12/7/10,1223.75
12/8/10,1228.28
12/9/10,1233
12/10/10,1240.4
12/13/10,1240.46
12/14/10,1241.59
12/15/10,1235.23
12/16/10,1242.87
12/17/10,1243.91
12/20/10,1247.08
12/21/10,1254.6
12/22/10,1258.84
12/23/10,1256.77
12/27/10,1257.54
12/28/10,1258.51
12/29/10,1259.78
12/30/10,1257.88
12/31/10,1257.64
1/3/11,1271.87
1/4/11,1270.2
1/5/11,1276.56
1/6/11,1273.85
1/7/11,1271.5
1/10/11,1269.75
1/11/11,1274.48
1/12/11,1285.96
1/13/11,1283.76
1/14/11,1293.24
1/18/11,1295.02
1/19/11,1281.92
1/20/11,1280.26
1/21/11,1283.35
1/24/11,1290.84
1/25/11,1291.18
1/26/11,1296.63
1/27/11,1299.54
1/28/11,1276.34
1/31/11,1286.12
2/1/11,1307.59
2/2/11,1304.03
2/3/11,1307.1
2/4/11,1310.87
2/7/11,1319.05
2/8/11,1324.57
2/9/11,1320.88
2/10/11,1321.87
2/11/11,1329.15
2/14/11,1332.32
2/15/11,1328.01
2/16/11,1336.32
2/17/11,1340.43
2/18/11,1343.01
2/22/11,1315.44
2/23/11,1307.4
2/24/11,1306.1
2/25/11,1319.88
2/28/11,1327.22
3/1/11,1306.33
3/2/11,1308.44
3/3/11,1330.97
3/4/11,1321.15
3/7/11,1310.13
3/8/11,1321.82
3/9/11,1320.02
3/10/11,1295.11
3/11/11,1304.28
3/14/11,1296.39
3/15/11,1281.87
3/16/11,1256.88
3/17/11,1273.72
3/18/11,1279.2
3/21/11,1298.38
3/22/11,1293.77
3/23/11,1297.54
3/24/11,1309.66
3/25/11,1313.8
3/28/11,1310.19
3/29/11,1319.44
3/30/11,1328.26
3/31/11,1325.83
4/1/11,1332.41
4/4/11,1332.87
4/5/11,1332.63
4/6/11,1335.54
4/7/11,1333.51
4/8/11,1328.17
4/11/11,1324.46
4/12/11,1314.16
4/13/11,1314.41
4/14/11,1314.52
4/15/11,1319.68
4/18/11,1305.14
4/19/11,1312.62
4/20/11,1330.36
4/21/11,1337.38
4/25/11,1335.25
4/26/11,1347.24
4/27/11,1355.66
4/28/11,1360.48
4/29/11,1363.61
5/2/11,1361.22
5/3/11,1356.62
5/4/11,1347.32
5/5/11,1335.1
5/6/11,1340.2
5/9/11,1346.29
5/10/11,1357.16
5/11/11,1342.08
5/12/11,1348.65
5/13/11,1337.77
5/16/11,1329.47
5/17/11,1328.98
5/18/11,1340.68
5/19/11,1343.6
5/20/11,1333.27
5/23/11,1317.37
5/24/11,1316.28
5/25/11,1320.47
5/26/11,1325.69
5/27/11,1331.1
5/31/11,1345.2
6/1/11,1314.55
6/2/11,1312.94
6/3/11,1300.16
6/6/11,1286.17
6/7/11,1284.94
6/8/11,1279.56
6/9/11,1289
6/10/11,1270.98
6/13/11,1271.83
6/14/11,1287.87
6/15/11,1265.42
6/16/11,1267.64
6/17/11,1271.5
6/20/11,1278.36
6/21/11,1295.52
6/22/11,1287.14
6/23/11,1283.5
6/24/11,1268.45
6/27/11,1280.1
6/28/11,1296.67
6/29/11,1307.41
6/30/11,1320.64
7/1/11,1339.67
7/5/11,1337.88
7/6/11,1339.22
7/7/11,1353.22
7/8/11,1343.8
7/11/11,1319.49
7/12/11,1313.64
7/13/11,1317.72
7/14/11,1308.87
7/15/11,1316.14
7/18/11,1305.44
7/19/11,1326.73
7/20/11,1325.84
7/21/11,1343.8
7/22/11,1345.02
7/25/11,1337.43
7/26/11,1331.94
7/27/11,1304.89
7/28/11,1300.67
7/29/11,1292.28
8/1/11,1286.94
8/2/11,1254.05
8/3/11,1260.34
8/4/11,1200.07
8/5/11,1199.38
8/8/11,1119.46
8/9/11,1172.53
8/10/11,1120.76
8/11/11,1172.64
8/12/11,1178.81
8/15/11,1204.49
8/16/11,1192.76
8/17/11,1193.89
8/18/11,1140.65
8/19/11,1123.53
8/22/11,1123.82
8/23/11,1162.35
8/24/11,1177.6
8/25/11,1159.27
8/26/11,1176.8
8/29/11,1210.08
8/30/11,1212.92
8/31/11,1218.89
9/1/11,1204.42
9/2/11,1173.97
9/6/11,1165.24
9/7/11,1198.62
9/8/11,1185.9
9/9/11,1154.23
9/12/11,1162.27
9/13/11,1172.87
9/14/11,1188.68
9/15/11,1209.11
9/16/11,1216.01
9/19/11,1204.09
9/20/11,1202.09
9/21/11,1166.76
9/22/11,1129.56
9/23/11,1136.43
9/26/11,1162.95
9/27/11,1175.38
9/28/11,1151.06
9/29/11,1160.4
9/30/11,1131.42
10/3/11,1099.23
10/4/11,1123.95
10/5/11,1144.03
10/6/11,1164.97
10/7/11,1155.46
10/10/11,1194.89
10/11/11,1195.54
10/12/11,1207.25
10/13/11,1203.66
10/14/11,1224.58
10/17/11,1200.86
10/18/11,1225.38
10/19/11,1209.88
10/20/11,1215.39
10/21/11,1238.25
10/24/11,1254.19
10/25/11,1229.05
10/26/11,1242
10/27/11,1284.59
10/28/11,1285.09
10/31/11,1253.3
11/1/11,1218.28
11/2/11,1237.9
11/3/11,1261.15
11/4/11,1253.23
11/7/11,1261.12
11/8/11,1275.92
11/9/11,1229.1
11/10/11,1239.69
11/11/11,1263.85
11/14/11,1251.78
11/15/11,1257.81
11/16/11,1236.91
11/17/11,1216.13
11/18/11,1215.65
11/21/11,1192.98
11/22/11,1188.04
11/23/11,1161.79
11/25/11,1158.67
11/28/11,1192.55
11/29/11,1195.19
11/30/11,1246.96
12/1/11,1244.58
12/2/11,1244.28
12/5/11,1257.08
12/6/11,1258.47
12/7/11,1261.01
12/8/11,1234.35
12/9/11,1255.19
12/12/11,1236.47
12/13/11,1225.73
12/14/11,1211.82
12/15/11,1215.75
12/16/11,1219.66
12/19/11,1205.35
12/20/11,1241.3
12/21/11,1243.72
12/22/11,1254
12/23/11,1265.33
12/27/11,1265.43
12/28/11,1249.64
12/29/11,1263.02
12/30/11,1257.6
1/3/12,1277.06
1/4/12,1277.3
1/5/12,1281.06
1/6/12,1277.81
1/9/12,1280.7
1/10/12,1292.08
1/11/12,1292.48
1/12/12,1295.5
1/13/12,1289.09
1/17/12,1293.67
1/18/12,1308.04
1/19/12,1314.5
1/20/12,1315.38
1/23/12,1316
1/24/12,1314.65
1/25/12,1326.05
1/26/12,1318.43
1/27/12,1316.33
1/30/12,1313.01
1/31/12,1312.41
2/1/12,1324.09
2/2/12,1325.54
2/3/12,1344.9
2/6/12,1344.33
2/7/12,1347.05
2/8/12,1349.96
2/9/12,1351.95
2/10/12,1342.64
2/13/12,1351.77
2/14/12,1350.5
2/15/12,1343.23
2/16/12,1358.04
2/17/12,1361.23
2/21/12,1362.21
2/22/12,1357.66
2/23/12,1363.46
2/24/12,1365.74
2/27/12,1367.59
2/28/12,1372.18
2/29/12,1365.68
3/1/12,1374.09
3/2/12,1369.63
3/5/12,1364.33
3/6/12,1343.36
3/7/12,1352.63
3/8/12,1365.91
3/9/12,1370.87
3/12/12,1371.09
3/13/12,1395.95
3/14/12,1394.28
3/15/12,1402.6
3/16/12,1404.17
3/19/12,1409.75
3/20/12,1405.52
3/21/12,1402.89
3/22/12,1392.78
3/23/12,1397.11
3/26/12,1416.51
3/27/12,1412.52
3/28/12,1405.54
3/29/12,1403.28
3/30/12,1408.47
4/2/12,1419.04
4/3/12,1413.38
4/4/12,1398.96
4/5/12,1398.08
4/9/12,1382.2
4/10/12,1358.59
4/11/12,1368.71
4/12/12,1387.57
4/13/12,1370.26
4/16/12,1369.57
4/17/12,1390.78
4/18/12,1385.14
4/19/12,1376.92
4/20/12,1378.53
4/23/12,1366.94
4/24/12,1371.97
4/25/12,1390.69
4/26/12,1399.98
4/27/12,1403.36
4/30/12,1397.91
5/1/12,1405.82
5/2/12,1402.31
5/3/12,1391.57
5/4/12,1369.1
5/7/12,1369.58
5/8/12,1363.72
5/9/12,1354.58
5/10/12,1357.99
5/11/12,1353.39
5/14/12,1338.35
5/15/12,1330.66
5/16/12,1324.8
5/17/12,1304.86
5/18/12,1295.22
5/21/12,1315.99
5/22/12,1316.63
5/23/12,1318.86
5/24/12,1320.68
5/25/12,1317.82
5/29/12,1332.42
5/30/12,1313.32
5/31/12,1310.33
6/1/12,1278.04
6/4/12,1278.18
6/5/12,1285.5
6/6/12,1315.13
6/7/12,1314.99
6/8/12,1325.66
6/11/12,1308.93
6/12/12,1324.18
6/13/12,1314.88
6/14/12,1329.1
6/15/12,1342.84
6/18/12,1344.78
6/19/12,1357.98
6/20/12,1355.69
6/21/12,1325.51
6/22/12,1335.02
6/25/12,1313.72
6/26/12,1319.99
6/27/12,1331.85
6/28/12,1329.04
6/29/12,1362.16
7/2/12,1365.51
7/3/12,1374.02
7/5/12,1367.58
7/6/12,1354.68
7/9/12,1352.46
7/10/12,1341.47
7/11/12,1341.45
7/12/12,1334.76
7/13/12,1356.78
7/16/12,1353.64
7/17/12,1363.67
7/18/12,1372.78
7/19/12,1376.51
7/20/12,1362.66
7/23/12,1350.52
7/24/12,1338.31
7/25/12,1337.89
7/26/12,1360.02
7/27/12,1385.97
7/30/12,1385.3
7/31/12,1379.32
8/1/12,1375.14
8/2/12,1365
8/3/12,1390.99
8/6/12,1394.23
8/7/12,1401.35
8/8/12,1402.22
8/9/12,1402.8
8/10/12,1405.87
8/13/12,1404.11
8/14/12,1403.93
8/15/12,1405.53
8/16/12,1415.51
8/17/12,1418.16
8/20/12,1418.13
8/21/12,1413.17
8/22/12,1413.49
8/23/12,1402.08
8/24/12,1411.13
8/27/12,1410.44
8/28/12,1409.3
8/29/12,1410.49
8/30/12,1399.48
8/31/12,1406.58
9/4/12,1404.94
9/5/12,1403.44
9/6/12,1432.12
9/7/12,1437.92
9/10/12,1429.08
9/11/12,1433.56
9/12/12,1436.56
9/13/12,1459.99
9/14/12,1465.77
9/17/12,1461.19
9/18/12,1459.32
9/19/12,1461.05
9/20/12,1460.26
9/21/12,1460.15
9/24/12,1456.89
9/25/12,1441.59
9/26/12,1433.32
9/27/12,1447.15
9/28/12,1440.67
10/1/12,1444.49
10/2/12,1445.75
10/3/12,1450.99
10/4/12,1461.4
10/5/12,1460.93
10/8/12,1455.88
10/9/12,1441.48
10/10/12,1432.56
10/11/12,1432.84
10/12/12,1428.59
10/15/12,1440.13
10/16/12,1454.92
10/17/12,1460.91
10/18/12,1457.34
10/19/12,1433.19
10/22/12,1433.82
10/23/12,1413.11
10/24/12,1408.75
10/25/12,1412.97
10/26/12,1411.94
10/31/12,1412.16
11/1/12,1427.59
11/2/12,1414.2
11/5/12,1417.26
11/6/12,1428.39
11/7/12,1394.53
11/8/12,1377.51
11/9/12,1379.85
11/12/12,1380.03
11/13/12,1374.53
11/14/12,1355.49
11/15/12,1353.33
11/16/12,1359.88
11/19/12,1386.89
11/20/12,1387.81
11/21/12,1391.03
11/23/12,1409.15
11/26/12,1406.29
11/27/12,1398.94
11/28/12,1409.93
11/29/12,1415.95
11/30/12,1416.18
12/3/12,1409.46
12/4/12,1407.05
12/5/12,1409.28
12/6/12,1413.94
12/7/12,1418.07
12/10/12,1418.55
12/11/12,1427.84
12/12/12,1428.48
12/13/12,1419.45
12/14/12,1413.58
12/17/12,1430.36
12/18/12,1446.79
12/19/12,1435.81
12/20/12,1443.69
12/21/12,1430.15
12/24/12,1426.66
12/26/12,1419.83
12/27/12,1418.1
12/28/12,1402.43
12/31/12,1426.19
1/2/13,1462.42
1/3/13,1459.37
1/4/13,1466.47
1/7/13,1461.89
1/8/13,1457.15
1/9/13,1461.02
1/10/13,1472.12
1/11/13,1472.05
1/14/13,1470.68
1/15/13,1472.34
1/16/13,1472.63
1/17/13,1480.94
1/18/13,1485.98
1/22/13,1492.56
1/23/13,1494.81
1/24/13,1494.82
1/25/13,1502.96
1/28/13,1500.18
1/29/13,1507.84
1/30/13,1501.96
1/31/13,1498.11
2/1/13,1513.17
2/4/13,1495.71
2/5/13,1511.29
2/6/13,1512.12
2/7/13,1509.39
2/8/13,1517.93
2/11/13,1517.01
2/12/13,1519.43
2/13/13,1520.33
2/14/13,1521.38
2/15/13,1519.79
2/19/13,1530.94
2/20/13,1511.95
2/21/13,1502.42
2/22/13,1515.6
2/25/13,1487.85
2/26/13,1496.94
2/27/13,1515.99
2/28/13,1514.68
3/1/13,1518.2
3/4/13,1525.2
3/5/13,1539.79
3/6/13,1541.46
3/7/13,1544.26
3/8/13,1551.18
3/11/13,1556.22
3/12/13,1552.48
3/13/13,1554.52
3/14/13,1563.23
3/15/13,1560.7
3/18/13,1552.1
3/19/13,1548.34
3/20/13,1558.71
3/21/13,1545.8
3/22/13,1556.89
3/25/13,1551.69
3/26/13,1563.77
3/27/13,1562.85
3/28/13,1569.19
4/1/13,1562.17
4/2/13,1570.25
4/3/13,1553.69
4/4/13,1559.98
4/5/13,1553.28
4/8/13,1563.07
4/9/13,1568.61
4/10/13,1587.73
4/11/13,1593.37
4/12/13,1588.85
4/15/13,1552.36
4/16/13,1574.57
4/17/13,1552.01
4/18/13,1541.61
4/19/13,1555.25
4/22/13,1562.5
4/23/13,1578.78
4/24/13,1578.79
4/25/13,1585.16
4/26/13,1582.24
4/29/13,1593.61
4/30/13,1597.57
5/1/13,1582.7
5/2/13,1597.59
5/3/13,1614.42
5/6/13,1617.5
5/7/13,1625.96
5/8/13,1632.69
5/9/13,1626.67
5/10/13,1633.7
5/13/13,1633.77
5/14/13,1650.34
5/15/13,1658.78
5/16/13,1650.47
5/17/13,1667.47
5/20/13,1666.29
5/21/13,1669.16
5/22/13,1655.35
5/23/13,1650.51
5/24/13,1649.6
5/28/13,1660.06
5/29/13,1648.36
5/30/13,1654.41
5/31/13,1630.74
6/3/13,1640.42
6/4/13,1631.38
6/5/13,1608.9
6/6/13,1622.56
6/7/13,1643.38
6/10/13,1642.81
6/11/13,1626.13
6/12/13,1612.52
6/13/13,1636.36
6/14/13,1626.73
6/17/13,1639.04
6/18/13,1651.81
6/19/13,1628.93
6/20/13,1588.19
6/21/13,1592.43
6/24/13,1573.09
6/25/13,1588.03
6/26/13,1603.26
6/27/13,1613.2
6/28/13,1606.28
7/1/13,1614.96
7/2/13,1614.08
7/3/13,1615.41
7/5/13,1631.89
7/8/13,1640.46
7/9/13,1652.32
7/10/13,1652.62
7/11/13,1675.02
7/12/13,1680.19
7/15/13,1682.5
7/16/13,1676.26
7/17/13,1680.91
7/18/13,1689.37
7/19/13,1692.09
7/22/13,1695.53
7/23/13,1692.39
7/24/13,1685.94
7/25/13,1690.25
7/26/13,1691.65
7/29/13,1685.33
7/30/13,1685.96
7/31/13,1685.73
8/1/13,1706.87
8/2/13,1709.67
8/5/13,1707.14
8/6/13,1697.37
8/7/13,1690.91
8/8/13,1697.48
8/9/13,1691.42
8/12/13,1689.47
8/13/13,1694.16
8/14/13,1685.39
8/15/13,1661.32
8/16/13,1655.83
8/19/13,1646.06
8/20/13,1652.35
8/21/13,1642.8
8/22/13,1656.96
8/23/13,1663.5
8/26/13,1656.78
8/27/13,1630.48
8/28/13,1634.96
8/29/13,1638.17
8/30/13,1632.97
9/3/13,1639.77
9/4/13,1653.08
9/5/13,1655.08
9/6/13,1655.17
9/9/13,1671.71
9/10/13,1683.99
9/11/13,1689.13
9/12/13,1683.42
9/13/13,1687.99
9/16/13,1697.6
9/17/13,1704.76
9/18/13,1725.52
9/19/13,1722.34
9/20/13,1709.91
9/23/13,1701.84
9/24/13,1697.42
9/25/13,1692.77
9/26/13,1698.67
9/27/13,1691.75
9/30/13,1681.55
10/1/13,1695
10/2/13,1693.87
10/3/13,1678.66
10/4/13,1690.5
10/7/13,1676.12
10/8/13,1655.45
10/9/13,1656.4
10/10/13,1692.56
10/11/13,1703.2
10/14/13,1710.14
10/15/13,1698.06
10/16/13,1721.54
10/17/13,1733.15
10/18/13,1744.5
10/21/13,1744.66
10/22/13,1754.67
10/23/13,1746.38
10/24/13,1752.07
10/25/13,1759.77
10/28/13,1762.11
10/29/13,1771.95
10/30/13,1763.31
10/31/13,1756.54
11/1/13,1761.64
11/4/13,1767.93
11/5/13,1762.97
11/6/13,1770.49
11/7/13,1747.15
11/8/13,1770.61
11/11/13,1771.89
11/12/13,1767.69
11/13/13,1782
11/14/13,1790.62
11/15/13,1798.18
11/18/13,1791.53
11/19/13,1787.87
11/20/13,1781.37
11/21/13,1795.85
11/22/13,1804.76
11/25/13,1802.48
11/26/13,1802.75
11/27/13,1807.23
11/29/13,1805.81
12/2/13,1800.9
12/3/13,1795.15
12/4/13,1792.81
12/5/13,1785.03
12/6/13,1805.09
12/9/13,1808.37
12/10/13,1802.62
12/11/13,1782.22
12/12/13,1775.5
12/13/13,1775.32
12/16/13,1786.54
12/17/13,1781
12/18/13,1810.65
12/19/13,1809.6
12/20/13,1818.32
12/23/13,1827.99
12/24/13,1833.32
12/26/13,1842.02
12/27/13,1841.4
12/30/13,1841.07
12/31/13,1848.36
1/2/14,1831.98
1/3/14,1831.37
1/6/14,1826.77
1/7/14,1837.88
1/8/14,1837.49
1/9/14,1838.13
1/10/14,1842.37
1/13/14,1819.2
1/14/14,1838.88
1/15/14,1848.38
1/16/14,1845.89
1/17/14,1838.7
1/21/14,1843.8
1/22/14,1844.86
1/23/14,1828.46
1/24/14,1790.29
1/27/14,1781.56
1/28/14,1792.5
1/29/14,1774.2
1/30/14,1794.19
1/31/14,1782.59
2/3/14,1741.89
2/4/14,1755.2
2/5/14,1751.64
2/6/14,1773.43
2/7/14,1797.02
2/10/14,1799.84
2/11/14,1819.75
2/12/14,1819.26
2/13/14,1829.83
2/14/14,1838.63
2/18/14,1840.76
2/19/14,1828.75
2/20/14,1839.78
2/21/14,1836.25
2/24/14,1847.61
2/25/14,1845.12
2/26/14,1845.16
2/27/14,1854.29
2/28/14,1859.45
3/3/14,1845.73
3/4/14,1873.91
3/5/14,1873.81
3/6/14,1877.03
3/7/14,1878.04
3/10/14,1877.17
3/11/14,1867.63
3/12/14,1868.2
3/13/14,1846.34
3/14/14,1841.13
3/17/14,1858.83
3/18/14,1872.25
3/19/14,1860.77
3/20/14,1872.01
3/21/14,1866.52
3/24/14,1857.44
3/25/14,1865.62
3/26/14,1852.56
3/27/14,1849.04
3/28/14,1857.62
3/31/14,1872.34
4/1/14,1885.52
4/2/14,1890.9
4/3/14,1888.77
4/4/14,1865.09
4/7/14,1845.04
4/8/14,1851.96
4/9/14,1872.18
4/10/14,1833.08
4/11/14,1815.69
4/14/14,1830.61
4/15/14,1842.98
4/16/14,1862.31
4/17/14,1864.85
4/21/14,1871.89
4/22/14,1879.55
4/23/14,1875.39
4/24/14,1878.61
4/25/14,1863.4
4/28/14,1869.43
4/29/14,1878.33
4/30/14,1883.95
5/1/14,1883.68
5/2/14,1881.14
5/5/14,1884.66
5/6/14,1867.72
5/7/14,1878.21
5/8/14,1875.63
5/9/14,1878.48
5/12/14,1896.65
5/13/14,1897.45
5/14/14,1888.53
5/15/14,1870.85
5/16/14,1877.86
5/19/14,1885.08
5/20/14,1872.83
5/21/14,1888.03
5/22/14,1892.49
5/23/14,1900.53
5/27/14,1911.91
5/28/14,1909.78
5/29/14,1920.03
5/30/14,1923.57
6/2/14,1924.97
6/3/14,1924.24
6/4/14,1927.88
6/5/14,1940.46
6/6/14,1949.44
6/9/14,1951.27
6/10/14,1950.79
6/11/14,1943.89
6/12/14,1930.11
6/13/14,1936.16
6/16/14,1937.78
6/17/14,1941.99
6/18/14,1956.98
6/19/14,1959.48
6/20/14,1962.87
6/23/14,1962.61
6/24/14,1949.98
6/25/14,1959.53
6/26/14,1957.22
6/27/14,1960.96
6/30/14,1960.23
7/1/14,1973.32
7/2/14,1974.62
7/3/14,1985.44
7/7/14,1977.65
7/8/14,1963.71
7/9/14,1972.83
7/10/14,1964.68
7/11/14,1967.57
7/14/14,1977.1
7/15/14,1973.28
7/16/14,1981.57
7/17/14,1958.12
7/18/14,1978.22
7/21/14,1973.63
7/22/14,1983.53
7/23/14,1987.01
7/24/14,1987.98
7/25/14,1978.34
7/28/14,1978.91
7/29/14,1969.95
7/30/14,1970.07
7/31/14,1930.67
8/1/14,1925.15
8/4/14,1938.99
8/5/14,1920.21
8/6/14,1920.24
8/7/14,1909.57
8/8/14,1931.59
8/11/14,1936.92
8/12/14,1933.75
8/13/14,1946.72
8/14/14,1955.18
8/15/14,1955.06
8/18/14,1971.74
8/19/14,1981.6
8/20/14,1986.51
8/21/14,1992.37
8/22/14,1988.4
8/25/14,1997.92
8/26/14,2000.02
8/27/14,2000.12
8/28/14,1996.74
8/29/14,2003.37
9/2/14,2002.28
9/3/14,2000.72
9/4/14,1997.65
9/5/14,2007.71
9/8/14,2001.54
9/9/14,1988.44
9/10/14,1995.69
9/11/14,1997.45
9/12/14,1985.54
9/15/14,1984.13
9/16/14,1998.98
9/17/14,2001.57
9/18/14,2011.36
9/19/14,2010.4
9/22/14,1994.29
9/23/14,1982.77
9/24/14,1998.3
9/25/14,1965.99
9/26/14,1982.85
9/29/14,1977.8
9/30/14,1972.29
10/1/14,1946.16
10/2/14,1946.17
10/3/14,1967.9
10/6/14,1964.82
10/7/14,1935.1
10/8/14,1968.89
10/9/14,1928.21
10/10/14,1906.13
10/13/14,1874.74
10/14/14,1877.7
10/15/14,1862.49
10/16/14,1862.76
10/17/14,1886.76
10/20/14,1904.01
10/21/14,1941.28
10/22/14,1927.11
10/23/14,1950.82
10/24/14,1964.58
10/27/14,1961.63
10/28/14,1985.05
10/29/14,1982.3
10/30/14,1994.65
10/31/14,2018.05
11/3/14,2017.81
11/4/14,2012.1
11/5/14,2023.57
11/6/14,2031.21
11/7/14,2031.92
11/10/14,2038.26
11/11/14,2039.68
11/12/14,2038.25
11/13/14,2039.33
11/14/14,2039.82
11/17/14,2041.32
11/18/14,2051.8
11/19/14,2048.72
11/20/14,2052.75
11/21/14,2063.5
11/24/14,2069.41
11/25/14,2067.03
11/26/14,2072.83
11/28/14,2067.56
12/1/14,2053.44
12/2/14,2066.55
12/3/14,2074.33
12/4/14,2071.92
12/5/14,2075.37
12/8/14,2060.31
12/9/14,2059.82
12/10/14,2026.14
12/11/14,2035.33
12/12/14,2002.33
12/15/14,1989.63
12/16/14,1972.74
12/17/14,2012.89
12/18/14,2061.23
12/19/14,2070.65
12/22/14,2078.54
12/23/14,2082.17
12/24/14,2081.88
12/26/14,2088.77
12/29/14,2090.57
12/30/14,2080.35
12/31/14,2058.9
1/2/15,2058.2
1/5/15,2020.58
1/6/15,2002.61
1/7/15,2025.9
1/8/15,2062.14
1/9/15,2044.81
1/12/15,2028.26
1/13/15,2023.03
1/14/15,2011.27
1/15/15,1992.67
1/16/15,2019.42
1/20/15,2022.55
1/21/15,2032.12
1/22/15,2063.15
1/23/15,2051.82
1/26/15,2057.09
1/27/15,2029.55
1/28/15,2002.16
1/29/15,2021.25
1/30/15,1994.99
2/2/15,2020.85
2/3/15,2050.03
2/4/15,2041.51
2/5/15,2062.52
2/6/15,2055.47
2/9/15,2046.74
2/10/15,2068.59
2/11/15,2068.53
2/12/15,2088.48
2/13/15,2096.99
2/17/15,2100.34
2/18/15,2099.68
2/19/15,2097.45
2/20/15,2110.3
2/23/15,2109.66
2/24/15,2115.48
2/25/15,2113.86
2/26/15,2110.74
2/27/15,2104.5
3/2/15,2117.39
3/3/15,2107.78
3/4/15,2098.53
3/5/15,2101.04
3/6/15,2071.26
3/9/15,2079.43
3/10/15,2044.16
3/11/15,2040.24
3/12/15,2065.95
3/13/15,2053.4
3/16/15,2081.19
3/17/15,2074.28
3/18/15,2099.5
3/19/15,2089.27
3/20/15,2108.1
3/23/15,2104.42
3/24/15,2091.5
3/25/15,2061.05
3/26/15,2056.15
3/27/15,2061.02
3/30/15,2086.24
3/31/15,2067.89
4/1/15,2059.69
4/2/15,2066.96
4/6/15,2080.62
4/7/15,2076.33
4/8/15,2081.9
4/9/15,2091.18
4/10/15,2102.06
4/13/15,2092.43
4/14/15,2095.84
4/15/15,2106.63
4/16/15,2104.99
4/17/15,2081.18
4/20/15,2100.4
4/21/15,2097.29
4/22/15,2107.96
4/23/15,2112.93
4/24/15,2117.69
4/27/15,2108.92
4/28/15,2114.76
4/29/15,2106.85
4/30/15,2085.51
5/1/15,2108.29
5/4/15,2114.49
5/5/15,2089.46
5/6/15,2080.15
5/7/15,2088
5/8/15,2116.1
5/11/15,2105.33
5/12/15,2099.12
5/13/15,2098.48
5/14/15,2121.1
5/15/15,2122.73
5/18/15,2129.2
5/19/15,2127.83
5/20/15,2125.85
5/21/15,2130.82
5/22/15,2126.06
5/26/15,2104.2
5/27/15,2123.48
5/28/15,2120.79
5/29/15,2107.39
6/1/15,2111.73
6/2/15,2109.6
6/3/15,2114.07
6/4/15,2095.84
6/5/15,2092.83
6/8/15,2079.28
6/9/15,2080.15
6/10/15,2105.2
6/11/15,2108.86
6/12/15,2094.11
6/15/15,2084.43
6/16/15,2096.29
6/17/15,2100.44
6/18/15,2121.24
6/19/15,2109.99
6/22/15,2122.85
6/23/15,2124.2
6/24/15,2108.58
6/25/15,2102.31
6/26/15,2101.49
6/29/15,2057.64
6/30/15,2063.11
7/1/15,2077.42
7/2/15,2076.78
7/6/15,2068.76
7/7/15,2081.34
7/8/15,2046.68
7/9/15,2051.31
7/10/15,2076.62
7/13/15,2099.6
7/14/15,2108.95
7/15/15,2107.4
7/16/15,2124.29
7/17/15,2126.64
7/20/15,2128.28
7/21/15,2119.21
7/22/15,2114.15
7/23/15,2102.15
7/24/15,2079.65
7/27/15,2067.64
7/28/15,2093.25
7/29/15,2108.57
7/30/15,2108.63
7/31/15,2103.84
8/3/15,2098.04
8/4/15,2093.32
8/5/15,2099.84
8/6/15,2083.56
8/7/15,2077.57
8/10/15,2104.18
8/11/15,2084.07
8/12/15,2086.05
8/13/15,2083.39
8/14/15,2091.54
8/17/15,2102.44
8/18/15,2096.92
8/19/15,2079.61
8/20/15,2035.73
8/21/15,1970.89
8/24/15,1893.21
8/25/15,1867.61
8/26/15,1940.51
8/27/15,1987.66
8/28/15,1988.87
8/31/15,1972.18
9/1/15,1913.85
9/2/15,1948.86
9/3/15,1951.13
9/4/15,1921.22
9/8/15,1969.41
9/9/15,1942.04
9/10/15,1952.29
9/11/15,1961.05
9/14/15,1953.03
9/15/15,1978.09
9/16/15,1995.31
9/17/15,1990.2
9/18/15,1958.03
9/21/15,1966.97
9/22/15,1942.74
9/23/15,1938.76
9/24/15,1932.24
9/25/15,1931.34
9/28/15,1881.77
9/29/15,1884.09
9/30/15,1920.03
10/1/15,1923.82
10/2/15,1951.36
10/5/15,1987.05
10/6/15,1979.92
10/7/15,1995.83
10/8/15,2013.43
10/9/15,2014.89
10/12/15,2017.46
10/13/15,2003.69
10/14/15,1994.24
10/15/15,2023.86
10/16/15,2033.11
10/19/15,2033.66
10/20/15,2030.77
10/21/15,2018.94
10/22/15,2052.51
10/23/15,2075.15
10/26/15,2071.18
10/27/15,2065.89
10/28/15,2090.35
10/29/15,2089.41
10/30/15,2079.36
11/2/15,2104.05
11/3/15,2109.79
11/4/15,2102.31
11/5/15,2099.93
11/6/15,2099.2
11/9/15,2078.58
11/10/15,2081.72
11/11/15,2075
11/12/15,2045.97
11/13/15,2023.04
11/16/15,2053.19
11/17/15,2050.44
11/18/15,2083.58
11/19/15,2081.24
11/20/15,2089.17
11/23/15,2086.59
11/24/15,2089.14
11/25/15,2088.87
11/27/15,2090.11
11/30/15,2080.41
12/1/15,2102.63
12/2/15,2079.51
12/3/15,2049.62
12/4/15,2091.69
12/7/15,2077.07
12/8/15,2063.59
12/9/15,2047.62
12/10/15,2052.23
12/11/15,2012.37
12/14/15,2021.94
12/15/15,2043.41
12/16/15,2073.07
12/17/15,2041.89
12/18/15,2005.55
12/21/15,2021.15
12/22/15,2038.97
12/23/15,2064.29
12/24/15,2060.99
12/28/15,2056.5
12/29/15,2078.36
12/30/15,2063.36
12/31/15,2043.94
1/4/16,2012.66
1/5/16,2016.71
1/6/16,1990.26
1/7/16,1943.09
1/8/16,1922.03
1/11/16,1923.67
1/12/16,1938.68
1/13/16,1890.28
1/14/16,1921.84
1/15/16,1880.33
1/19/16,1881.33
1/20/16,1859.33
1/21/16,1868.99
1/22/16,1906.9
1/25/16,1877.08
1/26/16,1903.63
1/27/16,1882.95
1/28/16,1893.36
1/29/16,1940.24
2/1/16,1939.38
2/2/16,1903.03
2/3/16,1912.53
2/4/16,1915.45
2/5/16,1880.05
2/8/16,1853.44
2/9/16,1852.21
2/10/16,1851.86
2/11/16,1829.08
2/12/16,1864.78
2/16/16,1895.58
2/17/16,1926.82
2/18/16,1917.83
2/19/16,1917.78
2/22/16,1945.5
2/23/16,1921.27
2/24/16,1929.8
2/25/16,1951.7
2/26/16,1948.05
2/29/16,1932.23
3/1/16,1978.35
3/2/16,1986.45
3/3/16,1993.4
3/4/16,1999.99
3/7/16,2001.76
3/8/16,1979.26
3/9/16,1989.26
3/10/16,1989.57
3/11/16,2022.19
3/14/16,2019.64
3/15/16,2015.93
3/16/16,2027.22
3/17/16,2040.59
3/18/16,2049.58
3/21/16,2051.6
3/22/16,2049.8
3/23/16,2036.71
3/24/16,2035.94
3/28/16,2037.05
3/29/16,2055.01
3/30/16,2063.95
3/31/16,2059.74
4/1/16,2072.78
4/4/16,2066.13
4/5/16,2045.17
4/6/16,2066.66
4/7/16,2041.91
4/8/16,2047.6
4/11/16,2041.99
4/12/16,2061.72
4/13/16,2082.42
4/14/16,2082.78
4/15/16,2080.73
4/18/16,2094.34
4/19/16,2100.8
4/20/16,2102.4
4/21/16,2091.48
4/22/16,2091.58
4/25/16,2087.79
4/26/16,2091.7
4/27/16,2095.15
4/28/16,2075.81
4/29/16,2065.3
5/2/16,2081.43
5/3/16,2063.37
5/4/16,2051.12
5/5/16,2050.63
5/6/16,2057.14
5/9/16,2058.69
5/10/16,2084.39
5/11/16,2064.46
5/12/16,2064.11
5/13/16,2046.61
5/16/16,2066.66
5/17/16,2047.21
5/18/16,2047.63
5/19/16,2040.04
5/20/16,2052.32
5/23/16,2048.04
5/24/16,2076.06
5/25/16,2090.54
5/26/16,2090.1
5/27/16,2099.06
5/31/16,2096.96
6/1/16,2099.33
6/2/16,2105.26
6/3/16,2099.13
6/6/16,2109.41
6/7/16,2112.13
6/8/16,2119.12
6/9/16,2115.48
6/10/16,2096.07
6/13/16,2079.06
6/14/16,2075.32
6/15/16,2071.5
6/16/16,2077.99
6/17/16,2071.22
6/20/16,2083.25
6/21/16,2088.9
6/22/16,2085.45
6/23/16,2113.32
6/24/16,2037.41
6/27/16,2000.54
6/28/16,2036.09
6/29/16,2070.77
6/30/16,2098.86
7/1/16,2102.95
7/5/16,2088.55
7/6/16,2099.73
7/7/16,2097.9
7/8/16,2129.9
7/11/16,2137.16
7/12/16,2152.14
7/13/16,2152.43
7/14/16,2163.75
7/15/16,2161.74
7/18/16,2166.89
7/19/16,2163.78
7/20/16,2173.02
7/21/16,2165.17
7/22/16,2175.03
7/25/16,2168.48
7/26/16,2169.18
7/27/16,2166.58
7/28/16,2170.06
7/29/16,2173.6
8/1/16,2170.84
8/2/16,2157.03
8/3/16,2163.79
8/4/16,2164.25
8/5/16,2182.87
8/8/16,2180.89
8/9/16,2181.74
8/10/16,2175.49
8/11/16,2185.79
8/12/16,2184.05
8/15/16,2190.15
8/16/16,2178.15
8/17/16,2182.22
8/18/16,2187.02
8/19/16,2183.87
8/22/16,2182.64
8/23/16,2186.9
8/24/16,2175.44
8/25/16,2172.47
8/26/16,2169.04
8/29/16,2180.38
8/30/16,2176.12
8/31/16,2170.95
9/1/16,2170.86
9/2/16,2179.98
9/6/16,2186.48
9/7/16,2186.16
9/8/16,2181.3
9/9/16,2127.81
9/12/16,2159.04
9/13/16,2127.02
9/14/16,2125.77
9/15/16,2147.26
9/16/16,2139.16
9/19/16,2139.12
9/20/16,2139.76
9/21/16,2163.12
9/22/16,2177.18
9/23/16,2164.69
9/26/16,2146.1
9/27/16,2159.93
9/28/16,2171.37
9/29/16,2151.13
9/30/16,2168.27
10/3/16,2161.2
10/4/16,2150.49
10/5/16,2159.73
10/6/16,2160.77
10/7/16,2153.74
10/10/16,2163.66
10/11/16,2136.73
10/12/16,2139.18
10/13/16,2132.55
10/14/16,2132.98
10/17/16,2126.5
10/18/16,2139.6
10/19/16,2144.29
10/20/16,2141.34
10/21/16,2141.16
10/24/16,2151.33
10/25/16,2143.16
10/26/16,2139.43
10/27/16,2133.04
10/28/16,2126.41
10/31/16,2126.15
11/1/16,2111.72
11/2/16,2097.94
11/3/16,2088.66
11/4/16,2085.18
11/7/16,2131.52
11/8/16,2139.56
11/9/16,2163.26
11/10/16,2167.48
11/11/16,2164.45
11/14/16,2164.2
11/15/16,2180.39
11/16/16,2176.94
11/17/16,2187.12
11/18/16,2181.9
11/21/16,2198.18
11/22/16,2202.94
11/23/16,2204.72
11/25/16,2213.35
11/28/16,2201.72
11/29/16,2204.66
11/30/16,2198.81
12/1/16,2191.08
12/2/16,2191.95
12/5/16,2204.71
12/6/16,2212.23
12/7/16,2241.35
12/8/16,2246.19
12/9/16,2259.53
12/12/16,2256.96
12/13/16,2271.72
12/14/16,2253.28
12/15/16,2262.03
12/16/16,2258.07
12/19/16,2262.53
12/20/16,2270.76
12/21/16,2265.18
12/22/16,2260.96
12/23/16,2263.79
12/27/16,2268.88
12/28/16,2249.92
12/29/16,2249.26
12/30/16,2238.83
1/3/17,2257.83
1/4/17,2270.75
1/5/17,2269
1/6/17,2276.98
1/9/17,2268.9
1/10/17,2268.9
1/11/17,2275.32
1/12/17,2270.44
1/13/17,2274.64
1/17/17,2267.89
1/18/17,2271.89
1/19/17,2263.69
1/20/17,2271.31
1/23/17,2265.2
1/24/17,2280.07
1/25/17,2298.37
1/26/17,2296.68
1/27/17,2294.69
1/30/17,2280.9
1/31/17,2278.87
2/1/17,2279.55
2/2/17,2280.85
2/3/17,2297.42
2/6/17,2292.56
2/7/17,2293.08
2/8/17,2294.67
2/9/17,2307.87
2/10/17,2316.1
2/13/17,2328.25
2/14/17,2337.58
2/15/17,2349.25
2/16/17,2347.22
2/17/17,2351.16
2/21/17,2365.38
2/22/17,2362.82
2/23/17,2363.81
2/24/17,2367.34
2/27/17,2369.75
2/28/17,2363.64
3/1/17,2395.96
3/2/17,2381.92
3/3/17,2383.12
3/6/17,2375.31
3/7/17,2368.39
3/8/17,2362.98
3/9/17,2364.87
3/10/17,2372.6
3/13/17,2373.47
3/14/17,2365.45
3/15/17,2385.26
3/16/17,2381.38
3/17/17,2378.25
3/20/17,2373.47
3/21/17,2344.02
3/22/17,2348.45
3/23/17,2345.96
3/24/17,2343.98
3/27/17,2341.59
3/28/17,2358.57
3/29/17,2361.13
3/30/17,2368.06
3/31/17,2362.72
4/3/17,2358.84
4/4/17,2360.16
4/5/17,2352.95
4/6/17,2357.49
4/7/17,2355.54
4/10/17,2357.16
4/11/17,2353.78
4/12/17,2344.93
4/13/17,2328.95
4/17/17,2349.01
4/18/17,2342.19
4/19/17,2338.17
4/20/17,2355.84
4/21/17,2348.69
4/24/17,2374.15
4/25/17,2388.61
4/26/17,2387.45
4/27/17,2388.77
4/28/17,2384.2
5/1/17,2388.33
5/2/17,2391.17
5/3/17,2388.13
5/4/17,2389.52
5/5/17,2399.29
5/8/17,2399.38
5/9/17,2396.92
5/10/17,2399.63
5/11/17,2394.44
5/12/17,2390.9
5/15/17,2402.32
5/16/17,2400.67
5/17/17,2357.03
5/18/17,2365.72
5/19/17,2381.73
5/22/17,2394.02
5/23/17,2398.42
5/24/17,2404.39
5/25/17,2415.07
5/26/17,2415.82
5/30/17,2412.91
5/31/17,2411.8
6/1/17,2430.06
6/2/17,2439.07
6/5/17,2436.1
6/6/17,2429.33
6/7/17,2433.14
6/8/17,2433.79
6/9/17,2431.77